









              0000000  00000  0000000  00000    0   0000
                 0     0         0     0    0   0  0
                 0     0         0     0   0    0  0  
                 0     0000      0     00000    0   000
                 0     0         0     0    0   0      0
                 0     0         0     0    0   0      0
                 0     00000     0     0    0   0  0000 


		61111111111111111111111111111111111111112
		3             PRESS ANY KEY             3
                41111111111111111111111111111111111111115

         